receptor = Refined_6gh8(chain_b)_Lujo.pdbqt
exhaustiveness  = 8
center_x = 18.7124
center_y = 20.9987
center_z = 69.7678
size_x = 36.4649385038
size_y = 34.0966957736
size_z = 38.4528756714